300
3.790131657730e+00 4.164441768146e+00
-2.727334505963e-01 6.949868801165e-02
-8.816089801478e+00 -8.331537791163e+00
1.107760763867e+00 1.937289119730e+00
-4.444450141290e+00 -3.164640588512e+00
8.454123078148e+00 7.835979449804e+00
-1.662342503099e+00 -1.030262679921e+00
-4.952548371452e+00 -4.460965708213e+00
8.935370362160e+00 9.369967503153e+00
8.023980127787e+00 8.402904277529e+00
3.529166686782e-01 2.112620862522e-01
-2.370760444850e+00 -1.713857677696e+00
5.107284419264e+00 6.136712087805e+00
9.078487587721e+00 9.674388638333e+00
6.032278032092e+00 6.618072445657e+00
-8.447381178837e+00 -7.705419322667e+00
-5.059223193231e+00 -5.040940375393e+00
9.964578067257e+00 1.165065468763e+01
-6.433448186258e+00 -6.514555149354e+00
-5.072158683146e+00 -5.051473589690e+00
-5.668079816531e+00 -5.871272198096e+00
6.209735490882e+00 5.992381609501e+00
7.399516825939e+00 8.180601139127e+00
-1.519201459682e+00 -5.983030649998e-01
-9.161075921104e+00 -8.855919037971e+00
1.115530796043e+00 1.542927940901e+00
3.147060550417e+00 2.993543768130e+00
-2.535426711153e+00 -1.253247212971e+00
2.386265055451e+00 2.418874933830e+00
8.850309087618e+00 9.267768183162e+00
-5.530542600789e-01 6.167815307093e-02
-3.666770887360e+00 -3.358987248452e+00
-7.674499645260e+00 -7.202863404045e+00
1.487239240855e+00 2.083485739091e+00
8.010490955629e+00 8.617461841004e+00
-9.549996795974e+00 -9.496193650009e+00
4.870760226468e+00 4.840858405480e+00
1.857792852302e+00 2.942032930240e+00
2.099020018237e+00 3.045189254546e+00
-7.991705131613e+00 -7.604788363013e+00
9.634517527618e+00 9.969791686404e+00
-1.630965030292e-01 -8.931680366214e-02
-6.315943817309e+00 -5.798848047460e+00
4.184047242525e+00 5.105750759475e+00
9.674806141054e+00 9.231053804232e+00
7.011104610326e+00 7.490510334727e+00
2.375280176422e+00 2.480091411659e+00
-6.236754418349e+00 -5.436643575679e+00
4.570179058545e+00 4.707431983240e+00
8.705863800740e+00 9.205963778847e+00
-3.878029065124e+00 -3.260207721905e+00
9.032568979246e+00 8.022832489613e+00
-3.781849449980e+00 -3.898217932154e+00
9.825448746443e+00 1.052300794817e+01
-2.383017814827e+00 -1.807061193339e+00
-6.685494000336e+00 -5.717860340130e+00
-1.077416765677e+00 -1.014699131446e+00
-2.104276947007e+00 -1.453985811587e+00
-6.357147560268e-01 -4.459054372199e-01
-5.781631854706e+00 -5.506410702493e+00
7.877498500659e+00 8.077711037644e+00
2.076360673999e+00 2.118340109901e+00
-2.670563749784e+00 -2.475140233832e+00
-3.208603281697e+00 -1.872142862937e+00
-6.975816610040e+00 -6.062806928290e+00
7.070518462120e+00 7.547794498772e+00
-6.639172145135e+00 -6.490852469596e+00
5.491964446465e+00 5.911144469220e+00
-6.595616844886e+00 -5.935217152407e+00
-6.906979351710e+00 -6.284107659267e+00
7.775198590000e+00 7.120905851649e+00
9.462044979279e+00 1.053716147442e+01
7.343840561661e+00 7.292886167683e+00
9.329308237825e+00 9.745392298190e+00
-1.013147933972e+00 -6.546093494531e-01
-5.310070311263e+00 -4.115873839598e+00
-7.981371767700e+00 -7.164603402303e+00
9.202994122011e+00 1.027091029711e+01
2.527363069842e+00 2.583574647154e+00
6.489933800172e+00 7.948809993583e+00
9.443392520733e+00 1.042068503949e+01
-7.344776538027e+00 -7.350503846469e+00
-9.407196902408e+00 -8.799974476886e+00
-3.582901772773e+00 -2.942878972538e+00
-7.777912161057e+00 -7.324871247030e+00
9.603185367074e+00 1.043446790834e+01
4.375237168946e+00 4.675119365889e+00
-1.216366065394e+00 -1.261675730163e+00
2.011997416290e+00 3.145740364545e+00
-8.664238300750e+00 -8.419349865330e+00
-7.155497220874e+00 -6.536970827875e+00
3.428746505813e+00 3.620278163391e+00
2.947031904559e+00 2.579993168003e+00
9.982202856734e+00 1.169841267260e+01
7.675124672628e+00 8.461477493625e+00
2.862723008645e+00 3.508731782175e+00
-5.864311722409e+00 -5.506546090331e+00
-6.469496300178e+00 -5.626821665215e+00
4.978053610045e+00 5.063042108729e+00
1.144593842564e+00 2.103797831463e+00
-5.672762046140e+00 -4.644034299745e+00
4.101644269900e+00 5.314550688169e+00
6.403443293664e+00 7.350225546673e+00
-4.351225330172e-01 5.221382225907e-01
8.640665157541e+00 8.762401214435e+00
-9.319639436194e+00 -9.744227553939e+00
-3.823463675123e+00 -3.031515622559e+00
7.302683318516e+00 7.529817520178e+00
9.247398647404e+00 1.051774239964e+01
-5.652529215238e+00 -5.670013846877e+00
2.356956535835e+00 2.598841092139e+00
5.852373347595e-01 -1.038698581287e-01
-3.157773262847e+00 -2.391895427475e+00
6.509683417109e+00 7.571349670435e+00
3.515677569301e+00 3.510483728570e+00
-8.530029820567e-01 -2.528648991245e-01
6.986778243180e+00 7.026955036150e+00
3.280313247706e+00 4.002938322218e+00
2.342810587745e+00 3.586657545419e+00
7.164266526301e+00 8.298551847135e+00
-7.976830379110e+00 -8.226941075210e+00
-6.891289573587e+00 -6.040958755777e+00
-3.828811809986e+00 -3.191857750679e+00
6.935331925884e+00 6.992943400911e+00
-7.431569561727e+00 -6.762846645077e+00
2.144280137964e+00 2.522807931779e+00
-4.135095462477e+00 -3.777443462592e+00
4.475445000985e+00 4.786332294270e+00
-6.667126570299e+00 -7.120854933038e+00
1.761781857928e+00 2.612032609602e+00
6.329769016381e-01 1.692098723880e+00
-5.965077130507e+00 -5.587894489990e+00
2.865268948429e+00 2.976233103757e+00
1.317591043176e+00 1.605597446566e+00
-6.867590385947e+00 -6.101906164778e+00
9.081046356241e+00 9.060235879553e+00
2.996124647805e+00 3.123529194622e+00
-5.145583138007e+00 -4.455718472856e+00
7.367269857861e+00 7.851569567971e+00
-8.304939678416e+00 -7.466069471960e+00
8.411486643401e+00 9.008080593722e+00
1.953577185936e+00 2.941748235947e+00
3.410433602691e+00 4.279740837696e+00
-7.610021467153e+00 -7.413750787670e+00
7.631322080315e+00 7.863862976885e+00
6.725852696986e+00 7.129653022163e+00
-9.441245253823e-03 9.801418635071e-01
8.328990311676e+00 9.404571737339e+00
4.201408717943e+00 5.072413186913e+00
-1.803741001641e+00 -2.533970605601e+00
2.384138463471e-01 -6.227314777872e+00
-4.502203921678e+00 7.328573411906e+00
-9.177633518880e+00 2.990040398013e+00
-3.137788816049e+00 -6.907010858135e+00
-7.864049516049e+00 -1.423776571674e+00
4.506066717290e+00 -9.103883356207e+00
-2.568660673136e+00 -7.167653129559e+00
7.356443187679e+00 -7.010521967826e+00
-3.843439141705e+00 1.210240698996e+00
4.397907695180e+00 9.056182203810e+00
-2.099983723524e+00 8.870992957207e+00
9.170202139294e+00 7.687364788026e+00
-4.225691177499e+00 4.177161700823e+00
-4.637739945812e+00 -9.313979377910e+00
-1.112318741030e+00 -6.931510351878e+00
-5.046293128549e+00 -9.618910070917e+00
7.527537810633e+00 8.831985926069e-01
-9.668349887594e+00 -8.523145519247e+00
4.964743637107e+00 4.047526881593e+00
-3.519639414993e+00 1.163959411720e+00
5.441003868031e-01 6.040953888859e+00
-5.618812892291e+00 9.542854104410e+00
-2.553498606921e-01 -2.580974341151e+00
-6.897603476563e+00 -4.084283812899e+00
-4.116598375270e+00 -6.115628574268e+00
8.110269561095e+00 -2.274617978753e+00
-1.950357609752e+00 5.614287380506e+00
-2.976265563312e+00 3.245882852867e+00
-2.736309691327e+00 -7.594995825601e+00
-5.168302225148e+00 5.786910648853e+00
-5.254726378617e+00 -6.840087242800e+00
-6.963310145650e+00 -1.596380889537e+00
6.267265050402e+00 -5.963148616235e+00
4.746113477747e+00 8.474676971211e+00
1.233958979152e+00 5.504828477388e+00
8.998056513019e+00 -4.808573394702e-02
5.601867280303e+00 -9.710094177079e+00
7.371468280850e+00 6.760823577578e+00
-7.474678709773e+00 9.728057945933e+00
8.390988803897e+00 -3.448950436415e+00
-6.814375250211e+00 -2.716419794677e+00
-4.430152718832e+00 -1.642542794999e+00
8.706858194851e+00 -7.889477136941e+00
3.557119105434e+00 6.831221707450e+00
-1.663555483117e+00 -2.744977214109e+00
-7.757402324714e-01 -7.811457434671e+00
-9.295634825305e+00 3.204153845815e+00
-6.511182686121e+00 -2.161871357989e+00
-4.796621542284e-01 -5.198190445299e+00
5.426231783474e+00 -3.264021696551e+00
6.668682951244e+00 -1.716417642733e+00
-4.051678365252e+00 -9.260073627780e-01
-7.329846426361e+00 -3.270182638419e+00
7.573834629835e+00 9.460595329372e+00
8.653859096209e+00 3.840663926870e+00
1.226855870133e+00 6.315097094095e+00
-4.253451790936e+00 -8.393977620318e+00
-3.362863555503e+00 -3.658080930908e+00
-7.462945577275e+00 -6.842404846840e+00
-9.644709992832e+00 -7.154927109694e-01
8.362047030985e+00 3.014702874342e+00
5.079197091192e+00 8.073686670873e+00
3.727030921648e+00 -5.194090376541e+00
-8.820364202702e-01 6.567062678896e+00
-1.344203561489e+00 8.025021976602e+00
-2.838539177888e+00 -5.301700501289e+00
-1.211427891105e+00 8.381891772537e+00
5.746095672090e+00 -1.060549809896e+00
-3.607619981533e+00 -3.190217066445e+00
-5.144842757741e+00 6.706543165727e+00
-7.861609947391e+00 -9.996375265466e-01
1.139526953688e+00 9.463582099708e+00
-4.731960310911e+00 -9.276156546423e+00
8.540015177801e+00 7.725822041136e+00
3.624599649719e+00 9.594805918809e-01
-4.127898244604e+00 -7.632754926313e+00
-6.155555561925e+00 -3.417445212302e+00
1.900324949203e+00 6.975800146837e+00
-3.238200641633e+00 -4.294164466758e+00
4.171858873425e+00 8.207333744157e+00
5.305768517428e+00 -8.465560721724e+00
8.383306548601e+00 5.503673625075e-01
-9.296939878191e+00 -5.770601349078e-01
-8.771078349795e+00 -3.222710939427e+00
1.366759270553e+00 -5.831023526231e+00
-9.036582697217e+00 3.788132669586e+00
3.089044101171e+00 8.108442071447e+00
-3.874073941284e-01 -9.291044227014e+00
-6.173563811433e+00 -6.803634731296e+00
-3.078578351235e+00 7.726672337601e+00
-8.913746933633e+00 4.357954840495e+00
-7.886229110686e+00 -5.994930597651e+00
-7.606500152470e+00 -4.538665704588e+00
-1.277976792467e+00 7.542543905214e+00
-4.190601295152e+00 -6.958906704452e+00
-1.423311179454e-01 9.061473626038e+00
-7.782262633090e+00 -5.327555613495e+00
9.885835849357e+00 -6.027745664177e+00
-7.713013955650e+00 -6.673413529337e+00
5.175998507305e+00 7.738595112697e+00
7.481612600038e+00 3.327347742644e+00
7.100261443146e+00 -4.202072392217e-01
1.035642028175e+00 1.482073816753e+00
-6.338032104573e+00 -1.832992031589e+00
3.908986834316e+00 3.513567263266e+00
6.788474179367e+00 2.874916113010e+00
-7.774325456810e+00 -8.527404585646e+00
1.434594881275e-02 8.814608803172e+00
8.741029174091e+00 8.520229825282e+00
5.110844213615e-01 -2.017089638804e+00
-7.223467561775e+00 2.044991778397e+00
-4.641721213724e+00 7.226335900329e+00
-5.674945196873e+00 -2.586127443571e-01
-7.202214778876e-02 -9.070265243716e+00
-2.791083664590e+00 -4.274999694630e+00
-8.408471443592e+00 4.116984671445e+00
5.253804074402e+00 8.849998969934e+00
8.845498231953e+00 -2.681488416584e+00
2.827853216314e-01 -9.419821076368e-01
-3.070187665788e+00 -4.607476134717e+00
-4.665364865593e+00 5.498764300520e+00
-3.581585726808e+00 -8.844573628522e+00
7.559119305840e+00 3.479898302253e+00
-5.391802514151e+00 4.504368286996e+00
5.501227957960e+00 8.958035227633e-01
8.998489769023e+00 -9.522693427149e+00
9.373570821161e+00 8.936766926298e+00
-6.143688236219e+00 5.145031400718e+00
-8.531097579616e+00 2.916492352696e-01
1.424438445330e+00 5.417655620360e+00
-2.658198903620e+00 3.276868678915e+00
2.025572407437e+00 7.043061580415e+00
-4.510625236242e+00 -4.530075848692e+00
-4.930747853671e+00 6.341635394661e+00
5.282020192010e-01 -4.345045053228e+00
-5.569655990756e+00 1.555997895321e+00
9.079014307159e-01 -7.608144176749e+00
3.933106063752e+00 5.761951597895e+00
9.958899614340e+00 -2.658273806128e+00
7.071903232895e+00 1.868589059612e+00
-2.877736793093e+00 8.882580833457e+00
-5.044609117238e+00 1.571467060234e+00
1.260489399268e+00 -1.954744965800e+00
-9.056606787223e+00 6.135890974526e+00
-5.839725102116e+00 3.696142651261e+00
9.407901906161e+00 -5.749875346112e-01
5.483049483979e+00 -5.909142843058e+00
2.824800784467e+00 -9.606009089652e+00
5.967049344753e+00 -7.192052410688e+00
-9.145542573774e+00 9.896181109824e+00
